[
  ["SMITH",4886,70.9,"23.11","0.5","0.89","2.19","2.4"  ],
  ["JOHNSON",3866,58.97,"34.63","0.54","0.94","2.56","2.36"  ],
  ["WILLIAMS",3251,45.75,"47.68","0.46","0.82","2.81","2.49"  ],
  ["BROWN",2874,57.95,"35.6","0.51","0.87","2.55","2.52"  ],
  ["JONES",2851,55.19,"38.48","0.44","1","2.61","2.29"  ],
  ["GARCIA",2332,5.38,"0.45","1.41","0.47","0.26","92.03"  ],
  ["MILLER",2323,84.11,"10.76","0.54","0.66","1.77","2.17"  ],
  ["DAVIS",2233,62.2,"31.6","0.49","0.82","2.45","2.44"  ],
  ["RODRIGUEZ",2190,4.75,"0.54","0.57","0.18","0.18","93.77"  ],
  ["MARTINEZ",2120,5.28,"0.49","0.6","0.51","0.22","92.91"  ],
  ["HERNANDEZ",2087,3.79,"0.36","0.6","0.19","0.16","94.89"  ],
  ["LOPEZ",1749,4.86,"0.57","1.02","0.38","0.25","92.92"  ],
  ["GONZALEZ",1682,4.03,"0.35","0.38","0.14","0.13","94.97"  ],
  ["WILSON",1604,67.36,"25.99","0.6","1.06","2.38","2.61"  ],
  ["ANDERSON",1569,75.17,"18.93","0.61","0.74","2.11","2.44"  ],
  ["THOMAS",1512,52.63,"38.75","2.44","1.07","2.58","2.54"  ],
  ["TAYLOR",1502,65.38,"28.42","0.56","0.76","2.41","2.46"  ],
  ["MOORE",1449,66.41,"27.74","0.48","0.68","2.34","2.34"  ],
  ["JACKSON",1416,39.89,"53.04","0.39","1.06","3.12","2.5"  ],
  ["MARTIN",1405,74.8,"15.76","0.9","0.98","2.02","5.56"  ],
  ["LEE",1386,35.95,"16.33","42.22","0.97","2.64","1.89"  ],
  ["PEREZ",1363,4.96,"0.45","1.17","0.2","0.26","92.95"  ],
  ["THOMPSON",1329,69.78,"23.57","0.57","1.22","2.37","2.49"  ],
  ["WHITE",1321,65.51,"28.17","0.49","1.07","2.38","2.38"  ],
  ["HARRIS",1249,51.4,"42.39","0.47","0.67","2.8","2.26"  ],
  ["SANCHEZ",1226,4.98,"0.45","0.96","0.37","0.24","92.99"  ],
  ["CLARK",1125,74.65,"19.02","0.54","1.01","2.19","2.58"  ],
  ["RAMIREZ",1115,3.89,"0.31","0.93","0.2","0.19","94.48"  ],
  ["LEWIS",1064,58.23,"34.84","0.56","1.2","2.58","2.58"  ],
  ["ROBINSON",1060,48.7,"44.93","0.46","0.53","2.77","2.61"  ],
  ["WALKER",1046,58.66,"35.05","0.45","0.87","2.55","2.41"  ],
  ["YOUNG",969,66.26,"24.67","3.03","0.79","2.66","2.58"  ],
  ["ALLEN",965,67.59,"26.17","0.54","0.86","2.38","2.47"  ],
  ["KING",931,70.16,"22.76","1.23","0.98","2.31","2.55"  ],
  ["WRIGHT",918,65.8,"28.23","0.51","0.69","2.41","2.36"  ],
  ["SCOTT",879,60.21,"32.92","0.51","1.18","2.59","2.58"  ],
  ["TORRES",876,5.35,"0.57","1.43","0.2","0.28","92.16"  ],
  ["NGUYEN",875,0.95,"0.12","96.45","0.03","1.83","0.63"  ],
  ["HILL",870,64.36,"29.12","0.53","0.97","2.51","2.51"  ],
  ["FLORES",868,4.87,"0.42","2.08","0.34","0.36","91.94"  ],
  ["GREEN",860,56.84,"36.97","0.44","0.64","2.47","2.64"  ],
  ["ADAMS",856,74.02,"19.9","0.56","0.79","2.16","2.57"  ],
  ["NELSON",850,77.66,"15.97","0.67","1.16","2","2.55"  ],
  ["BAKER",839,79.83,"14.44","0.56","0.87","2.02","2.28"  ],
  ["HALL",814,72.65,"21.59","0.64","0.65","2.22","2.25"  ],
  ["RIVERA",782,5.4,"0.95","2.04","0.18","0.37","91.06"  ],
  ["CAMPBELL",772,73.66,"20.47","0.53","0.71","2.13","2.49"  ],
  ["MITCHELL",769,61.02,"32.5","0.48","1.04","2.5","2.47"  ],
  ["CARTER",754,58.2,"35.59","0.45","0.78","2.65","2.34"  ],
  ["ROBERTS",754,77.27,"16.72","0.61","0.85","2.15","2.4"  ],
  ["GOMEZ",731,5.12,"0.75","1.01","0.26","0.26","92.6"  ],
  ["PHILLIPS",722,76.69,"17.09","0.58","1.03","2.17","2.44"  ],
  ["EVANS",711,68.39,"25.72","0.47","0.74","2.3","2.39"  ],
  ["TURNER",697,64.25,"30.13","0.42","0.6","2.38","2.23"  ],
  ["DIAZ",695,5.19,"0.65","1.19","0.16","0.25","92.56"  ],
  ["PARKER",672,69.17,"24.79","0.54","0.88","2.35","2.26"  ],
  ["CRUZ",668,5.17,"0.8","5.19","0.27","0.7","87.88"  ],
  ["EDWARDS",665,62.13,"31.63","0.5","0.77","2.47","2.5"  ],
  ["COLLINS",660,71.61,"22.43","0.49","0.77","2.23","2.47"  ],
  ["REYES",656,4.41,"0.59","5.58","0.24","0.59","88.58"  ],
  ["STEWART",650,69.17,"24.86","0.48","0.77","2.24","2.49"  ],
  ["MORRIS",638,73.59,"20.08","0.57","0.98","2.24","2.55"  ],
  ["MORALES",624,4.63,"0.57","1.18","0.17","0.21","93.23"  ],
  ["MURPHY",617,83.11,"11.53","0.58","0.68","1.76","2.34"  ],
  ["COOK",605,81.8,"12.55","0.57","0.92","1.98","2.17"  ],
  ["ROGERS",605,75.4,"18.53","0.54","0.82","2.1","2.62"  ],
  ["GUTIERREZ",586,4.57,"0.24","1.4","0.25","0.2","93.33"  ],
  ["ORTIZ",574,4.96,"0.64","0.67","0.37","0.25","93.11"  ],
  ["MORGAN",573,76.07,"17.27","0.54","1.24","2.1","2.78"  ],
  ["COOPER",562,67.93,"26.13","0.5","0.74","2.31","2.4"  ],
  ["PETERSON",557,84.39,"10.09","0.66","0.74","1.72","2.4"  ],
  ["BAILEY",556,72.45,"22","0.5","0.62","2.16","2.28"  ],
  ["REED",554,71.29,"22.63","0.51","1.05","2.3","2.22"  ],
  ["KELLY",535,78.09,"16.22","0.64","0.54","1.81","2.69"  ],
  ["HOWARD",530,64.31,"29.49","0.5","0.87","2.46","2.37"  ],
  ["RAMOS",527,6.49,"0.98","4.89","0.19","0.65","86.79"  ],
  ["KIM",525,2.52,"0.39","94.47","0.02","1.96","0.65"  ],
  ["COX",522,82.62,"12.07","0.5","0.67","1.82","2.33"  ],
  ["WARD",521,75.58,"18.5","0.49","0.91","2.08","2.44"  ],
  ["RICHARDSON",520,59.7,"33.63","0.48","1.1","2.44","2.65"  ],
  ["WATSON",505,66.03,"27.9","0.53","0.82","2.3","2.41"  ],
  ["BROOKS",503,60.22,"33.47","0.48","0.79","2.56","2.48"  ],
  ["CHAVEZ",502,5.02,"0.21","0.65","0.94","0.23","92.96"  ],
  ["WOOD",501,88.72,"5.57","0.66","0.84","1.79","2.42"  ],
  ["JAMES",499,51.58,"38.86","1.27","2.58","2.64","3.08"  ],
  ["BENNETT",495,76.56,"17.53","0.53","0.88","1.99","2.5"  ],
  ["GRAY",492,68.68,"25.13","0.54","0.91","2.33","2.41"  ],
  ["MENDOZA",486,4.11,"0.35","4.91","0.24","0.42","89.97"  ],
  ["RUIZ",476,5.17,"0.44","1.03","0.22","0.24","92.89"  ],
  ["HUGHES",473,78.39,"16.13","0.5","0.53","1.97","2.47"  ],
  ["PRICE",471,73.93,"20.51","0.51","0.66","2.14","2.24"  ],
  ["ALVAREZ",468,5.18,"0.6","1.16","0.38","0.23","92.45"  ],
  ["CASTILLO",461,4.92,"0.72","3.04","0.59","0.46","90.26"  ],
  ["SANDERS",461,60.78,"32.97","0.41","0.84","2.43","2.57"  ],
  ["PATEL",460,2.1,"0.38","94.78","0.65","1.65","0.44"  ],
  ["MYERS",460,84.5,"10.54","0.5","0.55","1.8","2.1"  ],
  ["LONG",459,79.88,"12.1","2.48","1.32","1.97","2.24"  ],
  ["ROSS",459,68.96,"24.46","0.61","0.9","2.32","2.75"  ],
  ["FOSTER",456,69.65,"23.94","0.55","0.88","2.33","2.65"  ],
  ["JIMENEZ",454,3.84,"0.29","1.49","0.2","0.21","93.97"  ],
  ["POWELL",450,67.2,"27.12","0.46","0.62","2.29","2.31"  ],
  ["JENKINS",445,57.76,"36.78","0.39","0.57","2.42","2.07"  ],
  ["PERRY",443,68.32,"25.2","0.57","0.81","2.43","2.67"  ],
  ["RUSSELL",443,77.05,"16.69","0.57","1.05","2.18","2.46"  ],
  ["SULLIVAN",442,87.73,"7.13","0.6","0.57","1.59","2.39"  ],
  ["BELL",441,61.11,"32.35","0.55","1.01","2.51","2.46"  ],
  ["COLEMAN",438,49.43,"44.6","0.4","0.53","2.79","2.25"  ],
  ["BUTLER",438,62.36,"31.54","0.45","0.84","2.45","2.35"  ],
  ["HENDERSON",437,59.63,"33.98","0.45","0.86","2.56","2.51"  ],
  ["BARNES",436,64.81,"29.28","0.48","0.75","2.35","2.33"  ],
  ["GONZALES",430,9.83,"0.99","3.8","0.76","0.56","84.06"  ],
  ["FISHER",429,82.58,"11.79","0.55","0.76","1.89","2.43"  ],
  ["VASQUEZ",426,5.06,"0.51","0.73","0.29","0.24","93.17"  ],
  ["SIMMONS",420,57.91,"36.15","0.47","0.67","2.52","2.29"  ],
  ["ROMERO",417,8.65,"0.5","1.3","0.69","0.37","88.5"  ],
  ["JORDAN",417,61.44,"30.73","0.55","0.72","2.45","4.11"  ],
  ["PATTERSON",411,67.27,"26.8","0.47","0.68","2.35","2.43"  ],
  ["ALEXANDER",409,58.19,"34.04","1.24","0.7","2.66","3.17"  ],
  ["HAMILTON",403,70.21,"23.71","0.54","0.8","2.29","2.45"  ],
  ["GRAHAM",402,70.02,"23.99","0.51","0.8","2.13","2.55"  ],
  ["REYNOLDS",400,81.08,"13.21","0.52","0.71","2.02","2.45"  ],
  ["GRIFFIN",397,63.77,"30.81","0.44","0.47","2.28","2.21"  ],
  ["WALLACE",395,69.24,"24.7","0.51","0.77","2.31","2.47"  ],
  ["MORENO",394,6.09,"0.43","0.67","0.37","0.22","92.23"  ],
  ["WEST",392,75.48,"18.48","0.49","0.83","2.27","2.45"  ],
  ["COLE",391,75.33,"18.89","0.55","0.72","2.1","2.41"  ],
  ["HAYES",388,69.38,"24.69","0.49","0.81","2.34","2.29"  ],
  ["BRYANT",386,58.46,"35.58","0.39","0.89","2.47","2.21"  ],
  ["HERRERA",385,4.92,"0.36","0.96","0.51","0.22","93.03"  ],
  ["GIBSON",381,72.14,"21.78","0.46","0.97","2.34","2.31"  ],
  ["ELLIS",378,70.36,"23.47","0.54","0.66","2.24","2.73"  ],
  ["TRAN",377,1.35,"0.1","96","0.03","1.7","0.81"  ],
  ["MEDINA",377,5.69,"0.6","1.92","0.3","0.33","91.16"  ],
  ["AGUILAR",373,4.03,"0.26","1.64","0.52","0.23","93.32"  ],
  ["STEVENS",371,81.44,"11.82","0.64","1.33","2.04","2.74"  ],
  ["MURRAY",370,74.92,"19.29","0.57","0.6","2.02","2.6"  ],
  ["FORD",370,62.05,"32","0.45","0.61","2.52","2.37"  ],
  ["CASTRO",368,7.29,"0.66","3.74","0.24","0.64","87.42"  ],
  ["MARSHALL",368,66.03,"27.51","0.58","0.96","2.34","2.58"  ],
  ["OWENS",365,65.85,"28.41","0.36","0.75","2.47","2.17"  ],
  ["HARRISON",362,68.66,"24.45","0.52","1.39","2.27","2.7"  ],
  ["FERNANDEZ",362,8.77,"1.15","5.38","0.18","0.93","83.58"  ],
  ["MCDONALD",361,76.65,"17.28","0.55","0.78","2.01","2.73"  ],
  ["WOODS",355,58.3,"35.3","0.42","0.88","2.74","2.35"  ],
  ["WASHINGTON",355,5.17,"87.53","0.3","0.68","3.78","2.54"  ],
  ["KENNEDY",354,80.82,"13.63","0.62","0.61","1.87","2.45"  ],
  ["WELLS",352,74,"20","0.49","0.87","2.22","2.41"  ],
  ["VARGAS",348,5.41,"0.42","0.85","0.18","0.22","92.92"  ],
  ["HENRY",342,61.43,"30.68","0.84","1.87","2.34","2.84"  ],
  ["CHEN",339,1.4,"0.3","96.12","0.02","1.64","0.52"  ],
  ["FREEMAN",338,65.5,"28.34","0.52","0.95","2.38","2.3"  ],
  ["WEBB",338,75.53,"19.08","0.46","0.66","1.99","2.29"  ],
  ["TUCKER",335,70.01,"24.17","0.45","0.78","2.25","2.35"  ],
  ["GUZMAN",334,4.11,"0.42","1.29","0.15","0.27","93.77"  ],
  ["BURNS",332,80.26,"14.06","0.59","0.78","1.83","2.48"  ],
  ["CRAWFORD",329,68.56,"25.65","0.49","0.75","2.3","2.24"  ],
  ["OLSON",328,94.76,"0.4","0.66","0.72","1.43","2.03"  ],
  ["SIMPSON",326,70.78,"23.09","0.53","0.78","2.3","2.53"  ],
  ["PORTER",326,68.57,"25.4","0.55","0.72","2.31","2.45"  ],
  ["HUNTER",325,60.78,"32.69","0.48","1.02","2.63","2.41"  ],
  ["GORDON",324,64.25,"29.15","0.62","0.68","2.26","3.04"  ],
  ["MENDEZ",323,4.48,"0.78","0.48","0.24","0.18","93.83"  ],
  ["SILVA",323,32.61,"2.03","2.01","0.39","1.62","61.34"  ],
  ["SHAW",321,72.07,"21.19","1.48","0.75","2.15","2.36"  ],
  ["SNYDER",321,94.07,"1.46","0.59","0.52","1.45","1.92"  ],
  ["MASON",320,68.82,"25.1","0.53","0.76","2.38","2.41"  ],
  ["DIXON",319,54.25,"39.26","0.43","0.96","2.61","2.49"  ],
  ["MUNOZ",317,4.89,"0.3","0.91","0.21","0.21","93.48"  ],
  ["HUNT",317,73.57,"16.93","0.61","4.23","2.35","2.31"  ],
  ["HICKS",317,67.37,"26.88","0.42","0.98","2.23","2.13"  ],
  ["HOLMES",314,56.79,"37.28","0.42","0.76","2.37","2.38"  ],
  ["PALMER",313,75.08,"18.57","0.55","0.81","2.11","2.87"  ],
  ["WAGNER",312,92.47,"2.6","0.58","0.54","1.4","2.41"  ],
  ["BLACK",309,74.63,"19","0.53","1.44","2.08","2.33"  ],
  ["ROBERTSON",307,73.42,"20.61","0.52","0.89","2.11","2.46"  ],
  ["BOYD",307,63.18,"30.77","0.51","1.02","2.36","2.16"  ],
  ["ROSE",307,82.08,"11.61","0.72","0.64","1.99","2.96"  ],
  ["STONE",307,85.95,"8.13","0.65","0.95","1.93","2.39"  ],
  ["SALAZAR",305,5.62,"0.27","1.69","0.46","0.3","91.65"  ],
  ["FOX",305,88.08,"6.06","0.56","1.03","1.84","2.42"  ],
  ["WARREN",304,70.08,"23.94","0.55","0.84","2.26","2.33"  ],
  ["MILLS",304,77.5,"16.77","0.51","0.82","2.06","2.33"  ],
  ["MEYER",302,94.84,"0.52","0.71","0.29","1.37","2.28"  ],
  ["RICE",299,77.63,"16.74","0.57","0.74","1.99","2.33"  ],
  ["SCHMIDT",294,95.15,"0.37","0.61","0.34","1.19","2.34"  ],
  ["GARZA",294,6.66,"0.24","0.17","0.28","0.15","92.49"  ],
  ["DANIELS",293,54.67,"38.54","0.51","0.91","2.68","2.7"  ],
  ["FERGUSON",293,74.83,"19.19","0.6","0.62","2.23","2.53"  ],
  ["NICHOLS",291,82.42,"11.88","0.52","0.76","1.99","2.43"  ],
  ["STEPHENS",289,73.9,"20.31","0.46","0.67","2.12","2.54"  ],
  ["SOTO",289,5.15,"0.48","0.44","0.26","0.22","93.45"  ],
  ["WEAVER",288,84.41,"9.99","0.52","1.09","1.87","2.12"  ],
  ["RYAN",287,91.65,"3.02","0.89","0.43","1.46","2.55"  ],
  ["GARDNER",286,75.01,"19.4","0.56","0.7","2.04","2.29"  ],
  ["PAYNE",285,71.55,"22.63","0.45","0.58","2.37","2.42"  ],
  ["GRANT",285,55.36,"37.91","0.52","1.08","2.35","2.79"  ],
  ["DUNN",283,80.08,"14.39","0.75","0.59","1.94","2.25"  ],
  ["KELLEY",281,83.78,"10.8","0.55","0.66","2.03","2.18"  ],
  ["SPENCER",280,69.41,"23.22","0.76","1.47","2.48","2.67"  ],
  ["HAWKINS",280,61.08,"32.75","0.48","0.69","2.5","2.5"  ],
  ["ARNOLD",278,81.27,"13.34","0.57","0.55","1.87","2.41"  ],
  ["PIERCE",277,80.98,"12.86","0.53","1.06","2.1","2.47"  ],
  ["VAZQUEZ",277,3.53,"0.35","0.18","0.06","0.12","95.75"  ],
  ["HANSEN",276,94.22,"0.53","0.74","0.49","1.47","2.54"  ],
  ["PETERS",275,82.86,"10.41","0.98","1.33","1.86","2.55"  ],
  ["SANTOS",274,20.06,"2.31","13.32","0.27","1.85","62.2"  ],
  ["HART",274,80.54,"13.64","0.56","0.73","2.01","2.52"  ],
  ["BRADLEY",273,69.12,"25.09","0.44","0.82","2.19","2.34"  ],
  ["KNIGHT",273,72.31,"21.61","0.52","0.9","2.17","2.5"  ],
  ["ELLIOTT",272,81.62,"12.96","0.54","0.66","2","2.21"  ],
  ["CUNNINGHAM",271,73.16,"21.18","0.53","0.48","2.07","2.58"  ],
  ["DUNCAN",270,76.39,"17.33","0.52","0.99","2.21","2.55"  ],
  ["ARMSTRONG",270,72.39,"21.01","0.58","0.93","2.31","2.79"  ],
  ["HUDSON",270,66.88,"27.42","0.46","0.84","2.2","2.2"  ],
  ["CARROLL",269,82.95,"11.48","0.61","0.67","1.92","2.36"  ],
  ["LANE",268,77.14,"16.88","0.61","0.92","2.12","2.33"  ],
  ["RILEY",268,72.79,"21.27","0.51","0.87","2.08","2.48"  ],
  ["ANDREWS",268,71.78,"21.58","0.78","1.09","2.2","2.57"  ],
  ["ALVARADO",267,4.29,"0.33","0.53","0.23","0.2","94.42"  ],
  ["RAY",266,74.97,"17.54","1.94","0.93","2.05","2.56"  ],
  ["DELGADO",266,5.57,"0.72","0.8","0.19","0.25","92.47"  ],
  ["BERRY",266,70.66,"23.11","0.56","0.8","2.34","2.53"  ],
  ["PERKINS",263,69.45,"24.6","0.53","0.73","2.33","2.37"  ],
  ["HOFFMAN",263,94.08,"1.26","0.63","0.56","1.34","2.12"  ],
  ["JOHNSTON",263,91.62,"2.41","0.68","0.83","1.84","2.62"  ],
  ["MATTHEWS",263,63.37,"30.67","0.62","0.58","2.36","2.39"  ],
  ["PENA",262,5.34,"0.52","1.09","0.31","0.24","92.5"  ],
  ["RICHARDS",261,78.67,"14.86","0.66","1.04","1.96","2.81"  ],
  ["CONTRERAS",260,4.19,"0.21","0.55","0.25","0.16","94.64"  ],
  ["WILLIS",260,62.22,"31.07","0.51","1.33","2.55","2.31"  ],
  ["CARPENTER",260,86.21,"8.49","0.57","0.68","1.87","2.18"  ],
  ["LAWRENCE",259,68.87,"24.65","0.74","0.93","2.3","2.5"  ],
  ["SANDOVAL",258,5.29,"0.21","0.55","1.77","0.25","91.93"  ],
  ["GUERRERO",257,4.55,"0.33","2.2","0.22","0.43","92.27"  ],
  ["GEORGE",257,66.47,"18.46","7.62","2.24","2.04","3.16"  ],
  ["CHAPMAN",256,79.51,"14.62","0.57","0.81","2.03","2.47"  ],
  ["RIOS",256,4.99,"0.44","0.43","0.32","0.22","93.61"  ],
  ["ESTRADA",255,4.58,"0.43","1.66","0.2","0.28","92.86"  ],
  ["ORTEGA",255,4.77,"0.29","1.15","0.43","0.25","93.11"  ],
  ["WATKINS",254,62.03,"32.27","0.42","0.64","2.56","2.09"  ],
  ["GREENE",252,67.7,"26.54","0.48","0.73","2.34","2.21"  ],
  ["NUNEZ",251,5.28,"0.67","0.83","0.26","0.23","92.72"  ],
  ["WHEELER",250,80.96,"13.29","0.5","0.93","1.97","2.35"  ],
  ["VALDEZ",250,6.29,"0.48","3.35","0.65","0.56","88.66"  ],
  ["HARPER",249,67.9,"26.22","0.49","0.72","2.36","2.31"  ],
  ["BURKE",246,85.93,"8.76","0.68","0.54","1.68","2.41"  ],
  ["LARSON",245,94.79,"0.49","0.74","0.62","1.41","1.95"  ],
  ["SANTIAGO",244,5.41,"1.31","4.5","0.14","0.58","88.06"  ],
  ["MALDONADO",243,4.97,"0.5","0.4","0.19","0.23","93.71"  ],
  ["MORRISON",242,79.11,"14.82","0.61","0.98","1.99","2.49"  ],
  ["FRANKLIN",241,54.38,"38.76","0.54","0.83","2.78","2.7"  ],
  ["CARLSON",241,94.83,"0.46","0.77","0.49","1.38","2.07"  ],
  ["AUSTIN",239,67.47,"26.01","0.61","0.8","2.34","2.78"  ],
  ["DOMINGUEZ",239,5.04,"0.38","1.03","0.25","0.21","93.09"  ],
  ["CARR",238,73.61,"20.82","0.49","0.59","2.08","2.41"  ],
  ["LAWSON",238,73.84,"20.74","0.43","0.65","2.15","2.2"  ],
  ["JACOBS",237,74.28,"16.71","0.59","3.75","2.16","2.52"  ],
  ["OBRIEN",237,93.85,"1.29","0.76","0.37","1.42","2.32"  ],
  ["LYNCH",235,82.3,"11.74","0.59","1.07","1.78","2.52"  ],
  ["SINGH",233,4.29,"4.48","82.77","1.15","4.81","2.5"  ],
  ["VEGA",233,5.53,"0.56","0.73","0.22","0.29","92.68"  ],
  ["BISHOP",233,84.44,"10.14","0.61","0.57","1.86","2.37"  ],
  ["MONTGOMERY",232,67.86,"26.23","0.59","0.61","2.37","2.35"  ],
  ["OLIVER",232,64.19,"27.45","0.68","0.74","2.43","4.52"  ],
  ["JENSEN",231,93.97,"0.44","0.73","0.82","1.4","2.64"  ],
  ["HARVEY",231,68,"25","0.52","1.71","2.25","2.52"  ],
  ["WILLIAMSON",230,77.17,"17.41","0.5","0.7","1.94","2.27"  ],
  ["GILBERT",230,77.8,"15.92","0.57","0.69","2.04","2.98"  ],
  ["DEAN",228,76.61,"16.82","1.06","0.68","2.2","2.63"  ],
  ["SIMS",227,54.29,"39.89","0.41","0.55","2.62","2.24"  ],
  ["ESPINOZA",224,4.03,"0.23","0.38","0.27","0.17","94.91"  ],
  ["HOWELL",224,79.48,"15.08","0.46","0.72","1.8","2.46"  ],
  ["LI",224,1.49,"0.19","96.78","0.02","0.89","0.63"  ],
  ["WONG",223,3.48,"0.79","86.49","0.04","5.2","4"  ],
  ["REID",223,59.83,"34.1","0.61","0.56","2.28","2.62"  ],
  ["HANSON",222,92.11,"2.85","0.7","0.67","1.55","2.11"  ],
  ["LE",222,1.49,"0.23","95.59","0.03","1.92","0.75"  ],
  ["MCCOY",221,66.88,"26.71","0.46","0.89","2.43","2.64"  ],
  ["GARRETT",221,69.96,"24.45","0.44","0.6","2.34","2.2"  ],
  ["BURTON",221,67.32,"27.06","0.53","0.51","2.25","2.34"  ],
  ["FULLER",220,73.22,"21.06","0.6","0.63","2.16","2.33"  ],
  ["WANG",220,2.59,"0.29","95.24","0.02","1.5","0.35"  ],
  ["WEBER",219,94.29,"1.29","0.63","0.36","1.25","2.18"  ],
  ["WELCH",218,83.47,"10.44","0.54","1.11","1.9","2.55"  ],
  ["ROJAS",217,4.12,"0.37","0.76","0.12","0.16","94.46"  ],
  ["LUCAS",215,69.1,"18.51","1.63","0.52","2.19","8.05"  ],
  ["MARQUEZ",215,5.1,"0.54","2.83","0.37","0.46","90.7"  ],
  ["FIELDS",215,57.66,"35.78","0.39","1.24","2.66","2.28"  ],
  ["PARK",213,23.34,"0.79","72.98","0.16","1.74","1"  ],
  ["YANG",212,1.03,"0.2","96.81","0.02","1.5","0.45"  ],
  ["LITTLE",212,70.11,"24.26","0.44","1.26","1.93","2.01"  ],
  ["BANKS",212,39.27,"54.51","0.36","0.43","2.98","2.45"  ],
  ["PADILLA",211,6.15,"0.4","2.1","0.79","0.41","90.16"  ],
  ["DAY",210,83.08,"10.44","1.02","1.08","1.97","2.4"  ],
  ["WALSH",210,94.48,"1.11","0.65","0.23","1.35","2.2"  ],
  ["BOWMAN",210,80.82,"13.62","0.48","0.8","2.05","2.23"  ],
  ["SCHULTZ",210,94.81,"0.7","0.59","0.41","1.28","2.22"  ],
  ["LUNA",209,8.15,"0.4","1.84","0.41","0.41","88.78"  ],
  ["FOWLER",209,81.41,"12.89","0.48","0.96","2.1","2.16"  ],
  ["MEJIA",208,3.37,"0.45","1.33","0.14","0.2","94.51"  ],
  ["DAVIDSON",208,84.38,"10.08","0.65","0.65","1.88","2.35"  ],
  ["ACOSTA",207,6.96,"0.62","2.26","0.26","0.43","89.48"  ],
  ["BREWER",207,81.3,"12.64","0.42","1.35","2.09","2.19"  ],
  ["MAY",207,83.55,"9.57","1.22","0.73","1.89","3.04"  ],
  ["HOLLAND",205,76.77,"17.67","0.46","0.57","2.16","2.37"  ],
  ["JUAREZ",204,3.42,"0.22","0.39","0.16","0.15","95.66"  ],
  ["NEWMAN",204,83.03,"11.08","0.61","0.69","1.99","2.6"  ],
  ["PEARSON",204,72.14,"22.51","0.56","0.41","2.14","2.24"  ],
  ["CURTIS",204,77.9,"15.84","0.53","1.03","2.13","2.57"  ],
  ["CORTEZ",203,6,"0.7","2.92","0.29","0.44","89.65"  ],
  ["DOUGLAS",203,58.62,"34.67","0.52","0.7","2.69","2.8"  ],
  ["SCHNEIDER",203,95.35,"0.43","0.59","0.27","1.2","2.16"  ],
  ["JOSEPH",202,29.59,"54.19","9.76","0.99","2.49","2.98"  ],
  ["BARRETT",200,80.7,"13.4","0.67","0.62","1.96","2.65"  ],
  ["NAVARRO",200,6.66,"0.38","4.04","0.23","0.55","88.14"  ],
  ["FIGUEROA",197,4.93,"0.84","1","0.15","0.26","92.82"  ],
  ["KELLER",197,91.4,"3.86","0.57","0.46","1.45","2.26"  ],
  ["AVILA",195,7.02,"0.43","1.11","0.23","0.26","90.96"  ],
  ["WADE",194,64.94,"29.08","0.47","0.74","2.44","2.34"  ],
  ["MOLINA",194,5.82,"0.51","2.28","0.64","0.42","90.32"  ],
  ["STANLEY",194,78.79,"15.1","0.74","1.16","1.95","2.27"  ],
  ["HOPKINS",194,73.56,"20.66","0.48","0.92","2.25","2.14"  ],
  ["CAMPOS",192,7.11,"0.39","1.38","0.21","0.39","90.52"  ],
  ["BARNETT",191,76.44,"17.47","0.43","0.9","2.2","2.56"  ],
  ["BATES",191,75.35,"18.9","0.55","0.76","2.03","2.41"  ],
  ["CHAMBERS",190,65.7,"28.5","0.45","0.58","2.29","2.47"  ],
  ["CALDWELL",188,68.05,"26.18","0.42","0.74","2.32","2.29"  ],
  ["BECK",188,90.27,"4.53","0.74","0.63","1.66","2.17"  ],
  ["LAMBERT",187,83.66,"9.88","0.59","1.3","1.77","2.79"  ],
  ["MIRANDA",187,12.32,"1.34","4.21","0.42","0.75","80.97"  ],
  ["BYRD",186,59.01,"34.59","0.36","1.3","2.64","2.11"  ],
  ["CRAIG",185,79.03,"15.15","0.61","0.78","2.06","2.37"  ],
  ["AYALA",185,4.37,"0.54","0.47","0.2","0.18","94.25"  ],
  ["LOWE",185,73.04,"19.35","1.68","0.96","2.41","2.56"  ],
  ["FRAZIER",184,56.1,"37.36","0.4","1.36","2.51","2.27"  ],
  ["POWERS",184,89.6,"5.15","0.65","0.55","1.65","2.39"  ],
  ["NEAL",183,62.1,"31.84","0.6","0.68","2.61","2.16"  ],
  ["LEONARD",183,80.38,"14.07","0.59","0.77","1.77","2.42"  ],
  ["GREGORY",183,78.64,"15.56","0.57","0.75","1.99","2.49"  ],
  ["CARRILLO",182,5.13,"0.24","0.68","0.36","0.24","93.33"  ],
  ["SUTTON",182,72.77,"21.7","0.48","0.68","2.24","2.13"  ],
  ["FLEMING",181,71.71,"22.76","0.62","0.52","2.21","2.19"  ],
  ["RHODES",181,74.76,"20.04","0.48","0.62","1.92","2.17"  ],
  ["SHELTON",181,73.49,"20.64","0.47","0.67","2.5","2.23"  ],
  ["SCHWARTZ",180,95.93,"0.44","0.57","0.21","0.96","1.89"  ],
  ["NORRIS",180,79.88,"14.41","0.52","0.94","2.04","2.2"  ],
  ["JENNINGS",179,70.87,"23.06","0.7","0.66","2.25","2.45"  ],
  ["WATTS",179,68.62,"25.52","0.48","0.77","2.35","2.26"  ],
  ["DURAN",179,9.93,"0.54","1.23","0.78","0.41","87.11"  ],
  ["WALTERS",179,82.92,"11.29","0.65","0.82","1.69","2.63"  ],
  ["COHEN",178,88.89,"5.97","0.66","0.11","1.08","3.29"  ],
  ["MCDANIEL",177,76.18,"18.35","0.43","0.64","2.05","2.35"  ],
  ["MORAN",177,64.14,"2.43","0.7","0.79","1.13","30.81"  ],
  ["PARKS",177,69.39,"24.91","0.59","0.67","2.38","2.06"  ],
  ["STEELE",176,78.25,"15.6","0.53","1.15","2.02","2.43"  ],
  ["VAUGHN",176,71.52,"22.67","0.44","0.75","2.34","2.27"  ],
  ["BECKER",176,94.89,"0.52","0.66","0.34","1.26","2.33"  ],
  ["HOLT",175,79.38,"14.85","0.57","0.87","2.24","2.1"  ],
  ["DELEON",175,6.64,"1.04","8.31","0.21","0.74","83.06"  ],
  ["BARKER",174,86.48,"7.83","0.68","0.65","1.92","2.44"  ],
  ["TERRY",174,66.28,"27.34","0.56","0.7","2.44","2.68"  ],
  ["HALE",173,82.23,"11.41","0.54","1.19","2.21","2.42"  ],
  ["LEON",173,9.99,"2.95","1.04","0.37","0.44","85.21"  ],
  ["HAIL",172,73.14,"21.6","0.37","0.53","2.09","2.27"  ],
  ["BENSON",172,77.85,"16.24","0.79","0.77","1.95","2.41"  ],
  ["HAYNES",172,61.08,"33.19","0.42","0.58","2.25","2.47"  ],
  ["HORTON",170,69.99,"24.3","0.52","0.69","2.27","2.23"  ],
  ["MILES",170,61.33,"32.35","0.49","0.78","2.61","2.44"  ],
  ["LYONS",169,74.88,"19.17","0.5","1.01","2.1","2.34"  ],
  ["PHAM",169,0.9,"0.2","96.33","0.03","1.81","0.72"  ],
  ["GRAVES",168,69.64,"24.19","0.48","0.71","2.38","2.6"  ],
  ["BUSH",168,71.73,"22.44","0.57","0.82","2.15","2.29"  ],
  ["THORNTON",168,67.42,"27.08","0.46","0.62","2.34","2.06"  ],
  ["WOLFE",168,90.77,"3.6","0.52","1.37","1.66","2.09"  ],
  ["WARNER",168,84.22,"10.24","0.65","0.61","1.87","2.41"  ],
  ["CABRERA",167,4.47,"0.41","3.52","0.12","0.45","91.02"  ],
  ["MCKINNEY",167,68.84,"25.18","0.4","0.88","2.37","2.34"  ],
  ["MANN",167,80.39,"9.9","3.61","1.32","2.12","2.66"  ],
  ["ZIMMERMAN",167,93.84,"2.32","0.52","0.3","1.18","1.85"  ],
  ["DAWSON",166,68.3,"25.88","0.64","0.57","2.29","2.33"  ],
  ["LARA",166,5.67,"0.37","1.14","0.3","0.24","92.28"  ],
  ["FLETCHER",166,72.86,"20.92","0.58","0.74","2.3","2.6"  ],
  ["PAGE",166,75.12,"18.93","0.66","0.65","2.02","2.62"  ],
  ["MCCARTHY",166,92.29,"3.25","0.68","0.27","1.27","2.24"  ],
  ["LOVE",166,56.49,"37.03","0.54","0.51","2.9","2.53"  ],
  ["ROBLES",165,5.07,"0.43","2.05","0.36","0.3","91.78"  ],
  ["CERVANTES",164,3.31,"0.16","0.91","0.18","0.14","95.31"  ],
  ["SOLIS",164,5.14,"0.4","1.61","0.18","0.24","92.43"  ],
  ["ERICKSON",164,95.05,"0.37","0.65","0.57","1.44","1.92"  ],
  ["REEVES",164,77.31,"16.52","0.57","0.77","2.12","2.71"  ],
  ["CHANG",164,2.37,"0.87","88.84","0.03","4.18","3.71"  ],
  ["KLEIN",163,95.41,"0.32","0.6","0.23","1.13","2.3"  ],
  ["SALINAS",162,5.55,"0.25","0.9","0.19","0.23","92.88"  ],
  ["FUENTES",162,4.56,"0.41","1.31","0.19","0.29","93.24"  ],
  ["BALDWIN",161,76.87,"17.25","0.52","0.93","1.99","2.43"  ],
  ["DANIEL",161,62.84,"25.56","3.16","0.69","2.15","5.59"  ],
  ["SIMON",161,65.09,"22.51","2.75","0.67","1.93","7.06"  ],
  ["VELASQUEZ",161,4.75,"0.66","1.71","0.43","0.24","92.22"  ],
  ["HARDY",161,61.47,"32.34","0.5","1.2","2.27","2.22"  ],
  ["HIGGINS",160,83.91,"10.77","0.56","0.56","1.9","2.3"  ],
  ["AGUIRRE",159,5.1,"0.25","1.25","0.2","0.25","92.94"  ],
  ["LIN",159,1.7,"0.18","95.85","0.02","1.77","0.47"  ],
  ["CUMMINGS",159,72.52,"19.66","0.72","2.33","2.32","2.45"  ],
  ["CHANDLER",158,74.49,"19.63","0.6","0.68","2.2","2.4"  ],
  ["SHARP",158,83.57,"10.56","0.59","1.02","1.94","2.33"  ],
  ["BARBER",158,75.48,"18.38","0.64","1.02","2.08","2.39"  ],
  ["BOWEN",158,82.08,"11.96","0.55","0.68","2.01","2.71"  ],
  ["OCHOA",157,4.53,"0.29","0.54","0.36","0.18","94.09"  ],
  ["DENNIS",157,65.6,"27.84","0.6","0.79","2.29","2.88"  ],
  ["ROBBINS",157,87.57,"7.24","0.49","0.91","1.72","2.06"  ],
  ["LIU",157,1.79,"0.17","95.62","0.02","1.86","0.54"  ],
  ["RAMSEY",157,77.84,"16.51","0.46","0.7","2.02","2.46"  ],
  ["FRANCIS",157,59.48,"30.3","2","2.07","2.37","3.78"  ],
  ["GRIFFITH",157,83.93,"10.4","0.55","0.67","1.88","2.56"  ],
  ["PAUL",157,66.99,"20.13","6.25","2.05","1.92","2.67"  ],
  ["BLAIR",156,79.4,"14.67","0.55","0.67","2.18","2.53"  ],
  ["OCONNOR",156,92.81,"2.12","0.75","0.33","1.37","2.61"  ],
  ["CARDENAS",155,4.59,"0.28","1.02","0.2","0.21","93.7"  ],
  ["PACHECO",155,15.32,"0.57","1.16","0.72","0.81","81.43"  ],
  ["CROSS",155,75.47,"18.28","0.57","0.91","2.25","2.52"  ],
  ["CALDERON",154,4.95,"0.56","1.53","0.16","0.25","92.55"  ],
  ["QUINN",154,86.23,"8.34","0.69","0.47","1.63","2.64"  ],
  ["MOSS",154,69.73,"24.71","0.48","0.68","2.12","2.28"  ],
  ["SWANSON",154,90.41,"4.8","0.7","0.46","1.53","2.1"  ],
  ["CHAN",153,2.75,"0.75","89.32","0.05","2.54","4.58"  ],
  ["RIVAS",152,4.88,"0.59","0.41","0.28","0.17","93.67"  ],
  ["KHAN",152,6.89,"3.86","81.25","0.54","5.27","2.2"  ],
  ["RODGERS",152,70.15,"23.84","0.46","0.64","2.22","2.69"  ],
  ["SERRANO",152,5.62,"0.7","2.9","0.13","0.31","90.34"  ],
  ["FITZGERALD",151,86.32,"8.82","0.67","0.31","1.65","2.22"  ],
  ["ROSALES",150,3.63,"0.3","2.39","0.21","0.26","93.21"  ],
  ["STEVENSON",150,63.44,"30.19","0.63","0.54","2.5","2.7"  ],
  ["CHRISTENSEN",150,94.42,"0.36","0.73","0.6","1.51","2.38"  ],
  ["MANNING",150,73.9,"20.34","0.56","0.81","2.03","2.36"  ],
  ["GILL",150,65.23,"13.96","13.43","0.59","2.06","4.74"  ],
  ["CURRY",150,59.18,"34.93","0.49","0.47","2.41","2.52"  ],
  ["MCLAUGHLIN",150,87.99,"7.08","0.58","0.53","1.44","2.38"  ],
  ["HARMON",149,77.26,"17.02","0.53","0.73","2.12","2.34"  ],
  ["MCGEE",149,62.25,"31.53","0.45","0.73","2.72","2.32"  ],
  ["GROSS",149,84.87,"10.34","0.52","0.34","1.48","2.45"  ],
  ["DOYLE",149,89.12,"5.66","0.66","0.49","1.68","2.39"  ],
  ["GARNER",149,71.71,"22.82","0.48","0.54","2.11","2.34"  ],
  ["NEWTON",148,75.66,"18.42","0.62","0.68","2.05","2.56"  ],
  ["BURGESS",148,75.35,"18.67","0.63","0.95","2.21","2.17"  ],
  ["REESE",148,66.05,"28.24","0.44","0.58","2.07","2.62"  ],
  ["WALTON",148,60.37,"34.2","0.4","0.51","2.39","2.13"  ],
  ["BLAKE",148,71.21,"22.58","0.56","0.84","2.14","2.68"  ],
  ["TRUJILLO",147,8.39,"0.21","0.29","1.63","0.35","89.14"  ],
  ["ADKINS",147,87.2,"8.02","0.38","0.84","1.83","1.72"  ],
  ["BRADY",146,87.28,"6.89","0.56","0.96","1.65","2.66"  ],
  ["GOODMAN",146,78.33,"15.83","0.57","1","1.84","2.43"  ],
  ["ROMAN",146,20.79,"1.86","0.97","0.2","0.51","75.67"  ],
  ["WEBSTER",145,73.5,"19.75","0.62","1.38","2.25","2.51"  ],
  ["GOODWIN",145,77.04,"17.22","0.5","0.86","2.08","2.3"  ],
  ["FISCHER",145,94.34,"0.87","0.61","0.4","1.22","2.56"  ],
  ["HUANG",145,0.9,"0.11","97.14","0.02","1.42","0.4"  ],
  ["POTTER",144,89.07,"5.13","0.56","0.78","1.96","2.5"  ],
  ["DELACRUZ",144,3.86,"0.4","16.77","0.19","1.54","77.24"  ],
  ["MONTOYA",144,8.65,"0.26","0.87","1.4","0.38","88.44"  ],
  ["TODD",144,80.77,"13.58","0.51","0.68","2.11","2.34"  ],
  ["WU",143,1.37,"0.18","96.37","0.02","1.59","0.48"  ],
  ["HINES",143,57.72,"36.73","0.49","0.49","2.31","2.25"  ],
  ["MULLINS",143,88.75,"6.86","0.36","0.52","1.78","1.74"  ],
  ["CASTANEDA",143,4.11,"0.22","1.79","0.2","0.25","93.42"  ],
  ["MALONE",143,67.31,"26.77","0.56","0.71","2.19","2.46"  ],
  ["CANNON",142,69.78,"24.5","0.5","0.54","2.26","2.42"  ],
  ["TATE",142,55.59,"38.34","0.61","0.84","2.5","2.12"  ],
  ["MACK",142,44.76,"49.06","0.7","0.53","2.59","2.37"  ],
  ["SHERMAN",141,82.74,"11.57","0.63","0.98","1.75","2.33"  ],
  ["HUBBARD",141,71.05,"23.15","0.45","0.9","2.3","2.15"  ],
  ["HODGES",140,73.41,"20.9","0.48","0.56","2.08","2.57"  ],
  ["ZHANG",140,0.99,"0.16","98.06","0.02","0.62","0.15"  ],
  ["GUERRA",140,11.26,"0.8","0.58","0.5","0.28","86.59"  ],
  ["WOLF",140,93.67,"1.07","0.61","1.05","1.46","2.16"  ],
  ["VALENCIA",140,5.32,"0.5","3.28","1.21","0.46","89.23"  ],
  ["SAUNDERS",140,67.39,"26.12","0.57","0.72","2.57","2.62"  ],
  ["FRANCO",140,15.82,"0.63","1.74","0.32","0.5","81"  ],
  ["ROWE",140,79.26,"15.06","0.64","0.57","2","2.47"  ],
  ["GALLAGHER",140,94.62,"0.69","0.64","0.3","1.26","2.5"  ],
  ["FARMER",139,77.16,"17.45","0.47","1.05","1.82","2.07"  ],
  ["HAMMOND",139,78.23,"16.09","0.64","0.69","2.16","2.19"  ],
  ["HAMPTON",139,53.7,"40.3","0.4","0.72","2.67","2.21"  ],
  ["TOWNSEND",139,67.7,"26.42","0.47","0.79","2.25","2.38"  ],
  ["INGRAM",139,61.45,"32.98","0.36","0.54","2.25","2.42"  ],
  ["WISE",137,78.63,"15.55","0.58","0.71","2.14","2.38"  ],
  ["GALLEGOS",137,7.66,"0.19","0.47","0.49","0.29","90.89"  ],
  ["CLARKE",137,61.02,"32.1","0.63","0.38","2.32","3.56"  ],
  ["BARTON",136,85.11,"7.96","0.59","1.31","1.91","3.12"  ],
  ["SCHROEDER",136,95.36,"0.32","0.59","0.49","1.13","2.11"  ],
  ["MAXWELL",136,73.22,"20.63","0.61","0.64","2.16","2.74"  ],
  ["WATERS",136,73.39,"20.68","0.56","0.85","2.13","2.39"  ],
  ["LOGAN",136,64.8,"27.3","0.71","1.08","2.89","3.21"  ],
  ["CAMACHO",136,6.09,"0.57","2.9","0.16","0.71","89.56"  ],
  ["STRICKLAND",136,76.23,"17.16","0.46","2.15","2.04","1.97"  ],
  ["NORMAN",135,68.97,"25.07","0.63","0.63","2.25","2.44"  ],
  ["PERSON",135,45.58,"34.51","4.14","1.12","1.78","12.88"  ],
  ["COLON",135,7.58,"1.89","0.31","0.14","0.33","89.75"  ],
  ["PARSONS",135,91.09,"3.6","0.6","0.67","1.75","2.27"  ],
  ["FRANK",135,84.54,"7.96","0.99","2.23","1.6","2.68"  ],
  ["HARRINGTON",134,82.01,"12.38","0.72","0.64","1.84","2.41"  ],
  ["GLOVER",134,52.58,"41.73","0.51","0.48","2.45","2.24"  ],
  ["OSBORNE",134,82.28,"12.39","0.5","0.65","1.97","2.22"  ],
  ["BUCHANAN",133,77.4,"17","0.59","0.57","2.01","2.43"  ],
  ["CASEY",133,86.89,"7.47","0.66","0.7","1.88","2.41"  ],
  ["FLOYD",133,65.41,"29.21","0.41","0.68","2.3","2"  ],
  ["PATTON",133,73.05,"20.9","0.49","0.88","2.25","2.44"  ],
  ["IBARRA",132,2.95,"0.15","1.24","0.12","0.23","95.32"  ],
  ["BALL",132,82.32,"12","0.96","0.58","1.78","2.35"  ],
  ["TYLER",132,61.96,"30.99","0.54","1.35","2.7","2.46"  ],
  ["SUAREZ",132,6.79,"0.57","2.11","0.14","0.27","90.12"  ],
  ["BOWERS",132,83.4,"11.53","0.47","0.6","1.73","2.27"  ],
  ["OROZCO",132,3.4,"0.17","0.39","0.15","0.12","95.76"  ],
  ["SALAS",131,6.46,"0.38","2.05","0.31","0.58","90.22"  ],
  ["COBB",130,69.98,"24.79","0.44","0.64","2.13","2.02"  ],
  ["GIBBS",130,65.85,"28.29","0.49","0.69","2.25","2.42"  ],
  ["ANDRADE",130,15.43,"3.24","1.62","0.26","1.26","78.19"  ],
  ["BAUER",130,95.1,"0.39","0.59","0.38","1.17","2.38"  ],
  ["CONNER",129,78.57,"16.17","0.47","0.57","2.02","2.2"  ],
  ["MOODY",129,71.27,"22.86","0.44","0.76","1.95","2.71"  ],
  ["ESCOBAR",129,5.17,"0.41","1.55","0.18","0.26","92.44"  ],
  ["MCGUIRE",129,88,"6.33","0.65","0.56","1.86","2.61"  ],
  ["LLOYD",128,72.59,"22.11","0.55","0.44","2.03","2.29"  ],
  ["MUELLER",128,95.66,"0.31","0.64","0.24","1.14","2.02"  ],
  ["HARTMAN",128,93.86,"1.62","0.65","0.45","1.29","2.13"  ],
  ["FRENCH",128,85.75,"8.1","0.66","1.11","1.92","2.45"  ],
  ["KRAMER",128,95.35,"0.34","0.61","0.25","1.24","2.21"  ],
  ["MCBRIDE",128,74.28,"19.88","0.44","0.8","2.02","2.57"  ],
  ["POPE",128,70.83,"23.77","0.47","0.61","2.13","2.19"  ],
  ["LINDSEY",128,67.78,"25.72","0.79","0.68","2.73","2.31"  ],
  ["VELAZQUEZ",127,3.26,"0.44","0.12","0.12","0.11","95.95"  ],
  ["NORTON",127,87.84,"6.55","0.55","1.19","1.75","2.12"  ],
  ["MCCORMICK",127,87.33,"7.59","0.57","0.42","1.61","2.48"  ],
  ["SPARKS",127,84.22,"10.43","0.42","0.74","1.99","2.21"  ],
  ["FLYNN",127,91.91,"3.07","0.66","0.6","1.5","2.26"  ],
  ["YATES",127,80.58,"14.07","0.49","0.54","2.07","2.25"  ],
  ["HOGAN",126,80.12,"14.44","0.53","0.61","1.84","2.46"  ],
  ["MARSH",125,82.74,"12.04","0.54","0.57","1.9","2.22"  ],
  ["MACIAS",124,4.92,"0.17","0.4","0.21","0.16","94.14"  ],
  ["VILLANUEVA",124,4.25,"0.43","12.29","0.26","1.01","81.77"  ],
  ["ZAMORA",123,5.38,"0.31","2.52","0.26","0.33","91.21"  ],
  ["PRATT",123,78.04,"15.69","0.62","1","2.02","2.63"  ],
  ["STOKES",123,58.27,"36","0.36","0.45","2.39","2.52"  ],
  ["OWEN",123,91.78,"2.37","0.73","0.87","1.71","2.54"  ],
  ["BALLARD",123,75.26,"19.17","0.42","0.82","2.09","2.23"  ],
  ["LANG",123,81.36,"10.38","3.31","0.59","1.84","2.52"  ],
  ["BROCK",123,83.03,"11.74","0.46","0.76","1.98","2.02"  ],
  ["VILLARREAL",123,6.45,"0.23","0.19","0.15","0.13","92.85"  ],
  ["CHARLES",122,33.69,"52.96","1.01","2.07","2.37","7.9"  ],
  ["DRAKE",122,79.55,"14.92","0.52","0.62","2.04","2.34"  ],
  ["BARRERA",122,5.01,"0.27","1.14","0.2","0.21","93.18"  ],
  ["CAIN",122,77.21,"17","0.75","0.6","2.11","2.33"  ],
  ["PATRICK",122,73.73,"20.35","0.73","1.03","2.01","2.15"  ],
  ["PINEDA",122,3.29,"0.32","5.28","0.12","0.32","90.67"  ],
  ["BURNETT",122,69.91,"24.06","0.41","0.74","2.52","2.36"  ],
  ["MERCADO",122,5.24,"0.58","6.85","0.14","0.63","86.55"  ],
  ["SANTANA",121,6.13,"1.31","0.54","0.11","0.33","91.59"  ],
  ["SHEPHERD",121,78.64,"15.94","0.54","0.89","1.95","2.04"  ],
  ["BAUTISTA",121,3.16,"0.27","18.23","0.28","1.27","76.8"  ],
  ["ALI",120,17.33,"30.71","42.91","0.51","5.66","2.87"  ],
  ["SHAFFER",120,93.08,"2.54","0.55","0.4","1.5","1.92"  ],
  ["LAMB",120,86.1,"8.62","0.7","0.54","1.73","2.29"  ],
  ["TREVINO",120,7.83,"0.29","0.2","0.4","0.22","91.06"  ],
  ["MCKENZIE",119,64.64,"28.63","0.69","0.74","2.28","3.03"  ],
  ["HESS",119,94.63,"0.93","0.55","0.53","1.38","1.98"  ],
  ["BEIL",119,62.1,"32.08","0.34","0.87","2.29","2.33"  ],
  ["OLSEN",119,93.69,"0.34","0.77","0.76","1.79","2.65"  ],
  ["COCHRAN",119,85.29,"9.05","0.5","1.24","1.67","2.24"  ],
  ["MORTON",118,74,"19.74","0.66","0.86","2.29","2.45"  ],
  ["NASH",117,69.34,"24.62","0.53","0.8","2.43","2.29"  ],
  ["WILKINS",117,63.09,"30.56","0.43","0.89","2.36","2.66"  ],
  ["PETERSEN",117,93.42,"1.33","0.76","0.44","1.55","2.51"  ],
  ["BRIGGS",117,75.92,"18.56","0.51","0.67","2.1","2.24"  ],
  ["SHAH",117,3.59,"0.94","91.74","0.34","2.7","0.7"  ],
  ["ROTH",117,94.86,"0.5","0.9","0.29","1.19","2.27"  ],
  ["NICHOLSON",116,74.25,"19.89","0.54","0.62","2.15","2.54"  ],
  ["HOLLOWAY",116,58.27,"36.07","0.4","0.61","2.53","2.12"  ],
  ["LOZANO",116,5.96,"0.29","1.55","0.2","0.26","91.73"  ],
  ["RANGEL",115,6.01,"0.29","0.28","0.22","0.18","93.02"  ],
  ["FLOWERS",115,53.12,"40.28","0.4","0.63","2.8","2.77"  ],
  ["HOOVER",115,92.03,"3.37","0.59","0.64","1.5","1.87"  ],
  ["SHORT",115,84.12,"10.24","0.59","0.86","2.01","2.18"  ],
  ["ARIAS",115,5.12,"0.4","1.06","0.14","0.21","93.07"  ],
  ["MORA",115,7.38,"0.45","1.07","0.26","0.26","90.59"  ],
  ["VALENZUELA",115,4.95,"0.21","2.4","1.67","0.4","90.36"  ],
  ["BRYAN",114,81.33,"11.79","0.64","0.63","1.77","3.83"  ],
  ["MEYERS",114,89.78,"4.64","0.76","0.62","1.82","2.38"  ],
  ["WEISS",114,95.58,"0.38","0.65","0.2","0.95","2.24"  ],
  ["UNDERWOOD",114,79.2,"15.03","0.48","1.09","2.03","2.17"  ],
  ["BASS",114,69.18,"24.53","0.49","0.77","2.31","2.72"  ],
  ["GREER",114,73.3,"21.33","0.49","0.45","2.07","2.36"  ],
  ["SUMMERS",114,78.93,"14.8","0.54","1.1","2.29","2.34"  ],
  ["HOUSTON",114,52.07,"41.49","0.5","0.63","2.81","2.51"  ],
  ["CARSON",114,72.25,"21.67","0.61","0.78","2.28","2.41"  ],
  ["MORROW",114,79.85,"14.72","0.52","0.72","2.04","2.15"  ],
  ["CLAYTON",113,69.14,"25.47","0.45","0.53","2.23","2.18"  ],
  ["WHITAKER",113,70.71,"24.33","0.46","0.45","2.02","2.03"  ],
  ["DECKER",113,93.96,"0.9","0.51","0.58","1.61","2.45"  ],
  ["YODER",113,97.77,"0.19","0.23","0.15","0.73","0.93"  ],
  ["COLLIER",113,66.97,"27.39","0.47","0.6","2.41","2.15"  ],
  ["ZUNIGA",113,4.45,"0.48","0.75","0.23","0.16","93.92"  ],
  ["CAREY",113,80.9,"13.52","0.6","0.67","2.05","2.25"  ],
  ["WILCOX",113,83.89,"10.42","0.56","0.78","1.87","2.48"  ],
  ["MELENDEZ",112,4.96,"0.99","0.48","0.22","0.26","93.08"  ],
  ["POOLE",112,72.56,"22.71","0.48","0.42","1.97","1.85"  ],
  ["ROBERSON",112,51.34,"42.78","0.38","0.52","2.74","2.23"  ],
  ["LARSEN",112,94.16,"0.51","0.75","0.7","1.5","2.37"  ],
  ["CONLEY",112,79.78,"15.39","0.42","0.55","2.02","1.85"  ],
  ["DAVENPORT",112,71.76,"22.32","0.49","0.69","2.38","2.36"  ],
  ["COPELAND",112,65.85,"28.28","0.46","0.71","2.39","2.31"  ],
  ["MASSEY",111,73.18,"20.42","1.06","1.07","1.96","2.32"  ],
  ["LAM",111,6.84,"0.57","87.99","0.05","1.99","2.56"  ],
  ["HUFF",111,81.37,"13.41","0.52","0.7","1.88","2.11"  ],
  ["ROCHA",111,16.45,"0.83","0.8","0.34","0.49","81.08"  ],
  ["CAMERON",110,75.52,"17.86","0.66","0.73","2.09","3.14"  ],
  ["JEFFERSON",110,17.45,"74.24","0.4","1.9","3.54","2.47"  ],
  ["HOOD",110,74.07,"20.16","0.52","1","2.07","2.18"  ],
  ["MONROE",110,62.88,"29.27","0.5","1.53","2.53","3.28"  ],
  ["ANTHONY",110,59.82,"31.93","1.53","0.62","2.29","3.82"  ],
  ["PITTMAN",110,63.55,"31.31","0.36","0.65","2.14","1.99"  ],
  ["HUYNH",110,0.82,"0.09","96.68","0.02","1.72","0.67"  ],
  ["RANDALL",110,74.65,"19.07","0.64","1.16","2.17","2.3"  ],
  ["SINGLETON",109,45.91,"48.62","0.38","0.41","2.48","2.2"  ],
  ["KIRK",109,82.37,"10.56","1.29","1.38","2.06","2.34"  ],
  ["COMBS",109,86.08,"9.13","0.45","0.57","1.86","1.91"  ],
  ["MATHIS",108,61.94,"32.65","0.29","0.59","2.2","2.33"  ],
  ["CHRISTIAN",108,66.41,"24.57","2.33","0.59","2.49","3.62"  ],
  ["SKINNER",108,79.34,"15.03","0.48","0.66","1.96","2.53"  ],
  ["BRADFORD",108,64.77,"29.1","0.51","0.64","2.48","2.5"  ],
  ["RICHARD",108,70.35,"23.46","0.9","0.57","1.97","2.75"  ],
  ["GALVAN",108,6.06,"0.27","0.8","0.38","0.23","92.26"  ],
  ["WALL",108,86.1,"8.21","0.75","0.81","1.81","2.31"  ],
  ["BOONE",108,62.39,"31.01","0.52","1.38","2.36","2.35"  ],
  ["KIRBY",108,85.9,"9.16","0.5","0.73","1.78","1.93"  ],
  ["WILKINSON",107,88.16,"6.52","0.63","0.61","1.74","2.36"  ],
  ["BRIDGES",107,67.71,"27.05","0.46","0.52","2.16","2.1"  ],
  ["BRUCE",107,77.35,"15.89","0.74","1.13","2.2","2.7"  ],
  ["ATKINSON",107,79.31,"13.96","0.55","0.55","1.73","3.9"  ],
  ["VELEZ",107,6.8,"0.92","0.88","0.07","0.3","91.03"  ],
  ["MEZA",106,3.73,"0.26","0.18","0.18","0.11","95.53"  ],
  ["ROY",106,75.2,"9.04","9.69","1.54","1.96","2.57"  ],
  ["VINCENT",106,78.93,"13.95","1.4","0.63","1.97","3.12"  ],
  ["YORK",106,85.81,"8.04","0.9","1","1.97","2.28"  ],
  ["HODGE",106,68.67,"24.92","0.43","0.65","2.43","2.9"  ],
  ["VILLA",106,8.08,"0.39","2.06","0.31","0.42","88.74"  ],
  ["ABBOTT",105,89.5,"4.89","0.65","0.66","1.78","2.53"  ],
  ["ALLISON",105,80.72,"13.1","0.57","1.34","1.99","2.28"  ],
  ["TAPIA",105,4.85,"0.29","0.71","0.4","0.22","93.54"  ],
  ["GATES",105,75.04,"19.13","0.62","0.76","2.06","2.38"  ],
  ["CHASE",105,81.84,"11.39","0.72","1.47","2.07","2.5"  ],
  ["SOSA",105,5.1,"0.52","0.72","0.18","0.16","93.31"  ],
  ["SWEENEY",105,90.6,"4.76","0.56","0.39","1.3","2.38"  ],
  ["FARRELL",105,89.88,"4.78","0.73","0.54","1.41","2.65"  ],
  ["WYATT",104,75.71,"18.63","0.42","0.67","2.07","2.49"  ],
  ["DALTON",104,86.84,"7.71","0.57","0.67","1.87","2.32"  ],
  ["HORN",104,85.15,"8.65","0.98","1.18","1.82","2.22"  ],
